5 1 0 0 1
6
1 1
5 6
3 0
-1 2
0 5
-3 0

30000 30000 29999 -29999 -30000
12
19999 19996
19999 19997
19999 19998
19999 19999
19999 20000
19999 20001
19999 20002
19999 20003
19998 19996
19998 19997
19998 19998
19998 19999

30000 29999 30000 -30000 -29999
12
19999 19996
19999 19997
19999 19998
19999 19999
19999 20000
19999 20001
19999 20002
19999 20003
19998 19996
19998 19997
19998 19998
19998 19999

2 -30000 -1 30000 0
8
-1 0
-1 1
0 1
1 1
1 0
1 -1
0 -1
-1 -1




