18
22

36313404080
36313531363

3373687313428241827948801150507677526
3373687313428241828281428243137863733

669262074855963079771197586206281259112
669262074855963079787970369558470262966

242167700017836474388100
242167700018810007761242

16252383
16266261

469342775745586144105609869
469342775745595547577243964

37461293193018561603953493340
37461293193018681039139216473

9194184285169534216966507128749
9194184285169535359615824814919

21
22

1330454685235862
1330454774540331

78336742687917227491028
78336742688088624763387

47923802054017335212073765802860114
47923802054017335353371045020832974

505752
506605

940
949

428540910018912794058956977
428540910018929810019045824

9770330728908946347636591906356869449214
9770330728908946347777436498098270330779

7068416097840258049887921681085
7068416097840259520487906148607

517805724457730620
517805725527508715

506833497
506848605

5820
5885

484243646784563247619038458645194136
484243646784563248842365487646342484

91413688117232096060
91413688122188631419

771886477139587251334596
771886477140041774688177

8304292305552149553379655920949280409378
8304292305552149553443559412555032924038

9628134090110628
9628134114318269

2445193927845273449357413443
2445193927845335487293915442

519
525

6885428526826048829
6885428527258245886

72924386042452563577194755578
72924386042452625424068342927